gi|4|emb|X17276.1|	555	AGGGT	ACCCT	28	31	21	26	28	51	26	43	35	22	38	38	15	44	47	61
gi|7|emb|X51700.1|	437	CCAGA	TCTGG	14	22	40	9	34	61	18	44	29	49	32	13	8	25	33	5
gi|9|emb|X68321.1|	1511	TTTGT	ACAAA	162	91	124	102	107	76	21	94	104	64	68	85	107	67	107	131
gi|11|emb|X55027.1|	2367	GGAGA	TCTCC	212	136	274	93	175	173	85	119	260	140	218	85	68	104	126	98
gi|15|emb|Z12029.1|	539	TAAAG	CTTTA	45	30	34	33	35	36	1	41	37	17	47	29	25	30	48	50
gi|16|emb|X52700.1|	1759	AACCA	TGGTT	221	108	133	122	154	94	29	102	119	83	115	74	91	94	114	105
gi|17|emb|X52701.1|	1757	AACCA	TGGTT	222	112	134	119	157	97	35	91	115	82	116	81	93	89	109	104
gi|18|emb|X52702.1|	1757	AAAAG	CTTTT	219	110	127	123	149	96	35	101	116	82	118	77	95	93	113	102
gi|19|emb|X52706.1|	421	TAGCC	GGCTA	21	17	48	19	13	11	13	19	18	14	71	36	53	14	8	45
gi|20|emb|X52703.1|	409	CAAGG	CCTTG	22	19	43	18	14	11	13	18	16	13	66	38	50	13	12	42
gi|21|emb|X52704.1|	421	TAGCC	GGCTA	21	18	47	17	14	12	13	18	16	13	74	39	52	14	9	43
gi|22|emb|X52705.1|	421	TAGCC	GGCTA	21	18	47	19	15	9	12	18	17	13	72	39	52	14	11	43
gi|23|emb|X53811.1|	421	TAGCC	GGCTA	21	22	46	18	17	13	12	19	16	14	72	36	53	12	9	40
gi|24|emb|X53812.1|	421	TAGCC	GGCTA	20	19	47	17	16	12	13	20	17	14	74	36	50	16	8	41
gi|25|emb|X53813.1|	421	TAGCC	GGCTA	19	18	49	18	16	12	9	20	17	11	70	39	52	16	10	44
gi|26|emb|X53814.1|	415	GGGTA	TACCC	21	19	46	19	14	9	13	20	18	13	69	36	52	15	9	41
gi|27|emb|Z18633.1|	517	GGATA	TATCC	55	38	30	38	32	34	19	32	33	18	32	25	40	27	27	36
gi|28|emb|Z18632.1|	385	GGGAG	CTCCC	53	29	31	22	30	29	8	26	18	16	17	18	35	19	13	20
gi|29|emb|X60495.1|	895	GATAA	TTATC	65	40	63	51	60	50	11	82	56	47	49	52	38	66	81	83
gi|33|emb|X60496.1|	371	GCTGA	TCAGC	25	33	23	15	32	33	10	34	20	15	21	20	18	29	22	20
gi|36|emb|X60497.1|	493	TGTGC	GCACA	35	24	50	20	32	25	11	34	49	27	41	32	13	26	47	26
gi|37|emb|X60498.1|	551	GTATT	AATAC	53	24	69	29	37	25	5	28	68	23	55	21	18	23	38	34
gi|38|emb|Z11996.1|	1633	CTGAA	TTCAG	55	96	125	34	124	241	64	137	106	142	125	68	25	87	128	75
gi|39|emb|X57170.1|	119	AGGGT	ACCCT	4	7	6	5	3	10	9	11	8	9	15	7	7	7	8	2
gi|40|emb|X60960.1|	483	TGCTC	GAGCA	45	26	36	28	44	38	7	34	36	18	29	21	10	40	33	37
gi|31342534|ref|NM_174233.2|	3029	GTCAC	GTGAC	264	154	184	225	229	204	63	232	170	160	117	140	164	210	222	290
gi|62|emb|X67213.1|	375	TGGGC	GCCCA	23	26	24	22	34	26	8	33	24	23	33	10	15	26	24	23
gi|63|emb|X67214.1|	307	GCAAC	GTTGC	6	20	10	6	18	37	25	23	14	35	41	18	4	11	33	5
gi|65|emb|X13736.1|	1391	GGGCC	GGCCC	37	60	116	41	87	156	65	108	111	127	180	60	20	73	116	33
gi|69|emb|X05087.1|	535	CCAAA	TTTGG	29	30	34	28	58	53	14	45	20	22	23	31	14	66	25	42
gi|70|emb|X05090.1|	537	CAATG	CATTG	31	23	32	40	58	35	4	46	21	22	17	32	16	63	39	57
gi|71|emb|X63475.1|	157	CATTC	GAATG	7	9	15	10	17	7	2	9	15	7	16	9	2	11	14	6
gi|72|emb|X63474.1|	339	CTTGT	ACAAG	15	11	26	23	17	21	0	32	26	15	28	21	18	23	35	27
gi|75|emb|X03454.1|	735	CCGTG	CACGG	55	40	74	32	57	58	37	37	73	53	53	35	16	38	50	26
gi|79|emb|X56933.1|	1101	ACATC	GATGT	97	41	87	52	76	86	39	71	71	87	100	57	34	58	88	56
gi|86|emb|X63592.1|	1031	GGCGA	TCGCC	28	45	49	55	78	116	49	105	54	92	71	48	17	95	97	31
gi|93|emb|X15802.1|	399	ACGTT	AACGT	33	33	37	19	41	20	13	20	30	22	7	30	18	19	31	25
gi|95|emb|X05218.1|	557	TGGCG	CGCCA	22	24	29	24	40	54	14	55	23	42	46	31	15	42	53	42
gi|31341268|ref|NM_176613.2|	615	GGACC	GGTCC	36	31	42	25	46	60	15	56	33	39	43	32	20	47	47	42
gi|103|emb|X05605.1|	1317	TGAGC	GCTCA	101	63	81	83	87	78	22	99	86	69	99	87	55	76	138	92
gi|105|emb|X16978.1|	345	TGAAA	TTTCA	43	21	23	26	30	17	10	23	25	23	13	15	15	19	29	12
gi|31341369|ref|NM_176670.2|	973	GAGGC	GCCTC	30	42	68	21	70	117	53	86	44	114	97	47	17	54	83	29
gi|31343600|ref|NM_175822.2|	491	ATCAG	CTGAT	62	25	28	34	26	38	24	31	30	21	26	23	31	35	22	34
gi|115|emb|X69084.1|	511	TACCT	AGGTA	37	28	31	38	37	32	15	40	35	26	24	25	25	37	40	40
gi|117|emb|X56685.1|	1367	GCTTT	AAAGC	142	62	108	72	90	88	38	93	96	86	92	72	57	73	107	90
gi|119|emb|X56119.1|	53	TTGGA	TCCAA	3	4	3	4	6	4	2	5	4	4	2	1	1	5	3	1
gi|120|emb|X14711.1|	10337	CACTC	GAGTG	1218	456	658	1048	644	418	46	679	610	294	342	494	908	619	694	1208
gi|121|emb|X57765.1|	3215	TCCAG	CTGGA	275	167	193	231	236	197	87	192	190	168	171	172	165	181	249	340
gi|123|emb|X63139.1|	853	GAGAC	GTCTC	24	37	68	22	58	121	29	71	50	75	90	42	18	46	70	31
gi|124|emb|X52582.1|	177	GCTCA	TGAGC	7	9	10	9	11	10	4	16	12	9	29	10	4	13	17	6
gi|125|emb|X52581.1|	271	CTCCT	AGGAG	10	6	20	7	15	42	13	26	13	32	30	9	5	17	20	5
gi|127|emb|X14710.1|	7877	TGGTC	GACCA	323	373	588	267	584	969	232	609	500	560	910	386	144	493	625	313
gi|136|emb|X64126.1|	259	TTCAC	GTGAA	12	19	19	9	20	17	11	20	23	16	30	11	4	16	19	12
gi|137|emb|X64125.1|	559	CCTGG	CCAGG	48	30	55	34	32	22	8	37	70	24	43	27	18	22	58	30
gi|147|emb|X05274.1|	833	TCCTC	GAGGA	59	37	58	45	61	80	11	87	49	46	48	29	31	75	55	61
gi|31342400|ref|NM_174292.2|	619	GAGAA	TTCTC	41	35	45	35	50	47	19	44	41	48	47	28	24	30	54	30
gi|157|emb|X63681.1|	955	GAACG	CGTTC	97	59	61	49	73	60	26	73	59	50	53	58	38	62	80	56
gi|158|emb|X63683.1|	825	AACAT	ATGTT	83	53	64	51	54	46	6	77	67	33	30	34	48	51	63	64
gi|159|emb|X63680.1|	1229	AGTGT	ACACT	108	70	79	78	96	84	13	108	73	52	61	62	58	96	95	95
gi|160|emb|X63684.1|	1013	GCTCT	AGAGC	112	65	77	64	69	61	7	89	78	38	44	42	59	62	74	71
gi|161|emb|X63682.1|	865	GAAAA	TTTTC	96	56	66	55	60	47	8	77	69	34	24	38	49	55	66	64
gi|167|emb|X67333.1|	449	CCTAA	TTAGG	48	40	45	16	51	48	10	24	43	26	27	9	7	19	23	12
gi|169|emb|X03590.1|	1003	TATAA	TTATA	146	54	45	112	62	29	3	56	49	18	32	46	100	49	65	136
gi|170|emb|X00565.1|	849	GTCAC	GTGAC	91	58	66	58	85	63	8	56	47	45	22	34	50	47	52	66
gi|171|emb|X06359.1|	1093	CTCAC	GTGAG	109	41	69	84	75	98	6	97	61	47	36	43	57	90	76	103
gi|31341348|ref|NM_181029.2|	1171	CCTGA	TCAGG	121	55	82	86	87	59	4	97	73	46	51	61	62	88	94	104
gi|176|emb|X14906.1|	895	CTTTC	GAAAG	119	40	46	100	50	26	5	62	48	20	26	38	89	57	54	114
gi|177|emb|X14907.1|	719	AAAAT	ATTTT	98	27	29	86	36	21	1	41	26	11	19	31	80	40	38	134
gi|180|emb|X14908.1|	7595	ACATG	CATGT	955	397	425	869	520	262	39	470	419	211	241	311	751	422	477	825
gi|31343314|ref|NM_173899.2|	1953	TGGAG	CTCCA	93	99	154	59	158	199	79	152	126	171	201	87	29	119	150	76
gi|192|emb|X00673.1|	1537	TGGTC	GACCA	51	100	133	29	120	137	123	96	125	170	168	64	16	70	103	31
gi|197|emb|X04012.1|	1881	AAACC	GGTTT	93	82	224	41	135	227	98	110	191	179	212	49	22	81	97	39
gi|201|emb|X55489.1|	2361	AGAGC	GCTCT	218	132	273	94	173	170	84	120	259	139	215	84	68	105	125	101
gi|205|emb|X04823.1|	833	GTGTC	GACAC	40	42	71	19	69	120	24	65	52	63	76	42	12	53	61	23
gi|31342047|ref|NM_174421.2|	833	GTGTC	GACAC	40	42	71	19	68	120	24	65	53	62	77	42	12	53	61	23
gi|48374082|ref|NM_001001440.2|	2055	AGGAG	CTCCT	182	103	130	185	141	82	43	143	153	100	106	87	124	123	168	184
gi|217|emb|X04298.1|	1883	TGCTC	GAGCA	90	79	221	38	129	233	93	120	186	178	207	52	22	86	102	46
gi|28461282|ref|NM_175830.1|	797	CTGCA	TGCAG	52	39	67	37	56	61	26	65	57	51	40	50	31	57	64	43
gi|31343575|ref|NM_175810.2|	759	GCAGC	GCTGC	44	33	54	22	39	69	62	41	50	72	96	44	20	37	50	25
gi|31341358|ref|NM_176652.2|	503	GAAAA	TTTTC	64	23	47	25	35	30	18	32	49	33	32	19	12	29	35	19
gi|31343564|ref|NM_175800.2|	677	ATGGG	CCCAT	85	35	54	41	42	24	16	44	50	33	40	41	38	34	54	45
gi|45430052|ref|NM_205817.1|	1269	TTTGG	CCAAA	76	64	84	69	90	110	51	81	93	82	91	70	35	76	109	87
gi|31341414|ref|NM_176655.2|	1345	AGATG	CATCT	90	81	121	44	104	117	60	81	107	105	108	78	36	59	108	45
gi|31343616|ref|NM_175828.2|	521	CGCTT	AAGCG	35	25	29	26	31	34	30	35	34	41	43	31	15	30	47	34
gi|233|emb|X63209.1|	705	ACTGG	CCAGT	66	46	38	36	40	62	31	44	52	41	67	36	29	29	60	23
gi|31341408|ref|NM_176667.2|	487	CATTA	TAATG	70	24	34	42	26	18	4	28	39	15	35	22	35	19	38	37
gi|31343617|ref|NM_175829.2|	567	AATGA	TCATT	92	25	41	50	33	16	5	29	43	23	27	28	41	19	47	47
gi|31343543|ref|NM_175791.2|	479	TGGTT	AACCA	61	24	32	30	34	23	25	18	35	30	40	25	18	23	32	28
gi|31343540|ref|NM_175787.2|	599	TTTGC	GCAAA	68	28	43	42	33	29	27	36	44	35	31	29	36	33	38	46
gi|31341404|ref|NM_176660.2|	515	GCCTG	CAGGC	40	31	39	13	34	57	39	34	42	57	46	13	8	19	33	9
gi|31343589|ref|NM_175815.2|	583	AGGTA	TACCT	86	18	40	38	31	34	23	38	42	42	32	27	23	32	48	28
gi|31341403|ref|NM_176659.2|	345	CCCAG	CTGGG	38	23	23	11	28	54	16	21	22	28	20	12	8	14	22	4
gi|31341658|ref|NM_174564.2|	427	ATGTT	AACAT	54	17	26	28	25	20	15	23	25	18	20	32	22	27	34	40
gi|251|emb|X63223.1|	293	AACAA	TTGTT	45	16	16	25	14	9	5	18	23	9	14	14	21	11	25	27
gi|255|emb|X63224.1|	611	CAAGA	TCTTG	60	31	67	19	50	53	28	32	51	57	34	29	17	22	41	19
gi|257|emb|X63208.1|	663	TCCCA	TGGGA	74	31	39	53	34	36	21	44	51	29	33	28	38	39	48	64
gi|265|emb|X02420.1|	979	ACATA	TATGT	83	80	61	42	86	91	36	74	68	59	67	37	28	57	67	42
gi|267|emb|X15112.1|	359	ACCGG	CCGGT	21	25	22	13	26	40	12	31	24	17	32	19	10	27	27	12
gi|269|emb|X56857.1|	343	GGGCC	GGCCC	14	22	15	11	29	48	19	31	16	33	32	6	4	23	21	18
gi|31341372|ref|NM_176674.2|	417	ATCCT	AGGAT	55	24	33	11	26	34	17	32	34	27	38	16	8	24	26	11
gi|273|emb|X15235.1|	419	AGCCA	TGGCT	29	15	33	33	26	22	8	28	32	21	29	24	23	26	35	34
gi|277|emb|X15725.1|	325	CAAGT	ACTTG	23	14	29	22	21	17	9	21	27	13	22	17	17	25	18	29
gi|278|emb|X58823.1|	585	CAGCA	TGCTG	58	32	44	50	43	25	5	38	37	23	27	29	46	32	39	56
gi|283|emb|X07436.1|	725	ACTGC	GCAGT	32	42	44	27	48	70	50	48	51	64	60	41	14	41	61	31
gi|287|emb|X01036.1|	619	ACGAG	CTCGT	27	41	44	30	48	53	24	50	46	43	46	21	22	37	42	44
gi|31341250|ref|NM_174837.2|	2603	GACCG	CGGTC	117	119	172	71	158	279	132	239	147	249	233	115	58	161	207	145
gi|297|emb|X13617.1|	715	GATTC	GAATC	72	53	52	41	58	44	12	55	54	33	38	25	35	38	48	56
gi|31341485|ref|NM_174630.2|	1621	GGTTT	AAACC	149	76	127	101	131	83	29	114	100	100	80	93	73	98	136	130
gi|303|emb|X14478.1|	699	GCATG	CATGC	56	34	62	37	60	60	5	55	45	34	41	32	27	53	44	53
gi|31342962|ref|NM_174043.2|	2379	CCTGA	TCAGG	84	143	162	85	222	292	102	199	132	207	199	98	37	172	173	71
gi|317|emb|Z18244.1|	1159	CAGAA	TTCTG	64	74	75	47	79	94	66	86	52	81	88	72	65	75	65	75
gi|330|emb|V00108.1|	957	ATACG	CGTAT	77	38	93	48	50	69	19	72	92	59	73	44	37	44	82	59
gi|332|emb|V00109.1|	1221	GCCTC	GAGGC	86	57	103	51	65	112	47	93	106	92	95	52	39	56	101	65
gi|31342355|ref|NM_174313.2|	683	GAATG	CATTC	42	50	45	32	66	38	21	50	45	35	48	41	16	53	55	45
gi|343|emb|X16577.1|	1459	TGGTG	CACCA	82	79	110	56	108	109	60	111	91	120	106	90	46	80	131	79
gi|31343284|ref|NM_173911.2|	1605	GATAA	TTATC	168	92	107	149	123	65	20	92	123	61	81	72	103	82	128	138
gi|356|emb|V00110.1|	1329	GATGG	CCATC	143	84	103	102	99	66	30	69	117	57	90	71	74	57	112	54
gi|31343278|ref|NM_173914.2|	675	GCGGG	CCCGC	22	37	47	17	49	98	62	44	48	70	43	27	4	47	36	23
gi|31343557|ref|NM_177512.2|	1727	AACCG	CGGTT	89	92	100	79	122	178	98	139	94	149	124	83	56	117	128	78
gi|31342321|ref|NM_174324.2|	3099	GGAAA	TTTCC	309	157	195	273	192	78	62	176	202	125	119	191	231	148	261	379
gi|394|emb|X00376.1|	2071	TTCAA	TTGAA	164	91	159	133	132	112	18	175	148	109	137	101	103	125	181	182
gi|396|emb|X70059.1|	195	GGGGC	GCCCC	9	7	15	11	13	16	11	14	14	18	22	7	5	14	13	5
gi|398|emb|X13684.1|	827	GCTCT	AGAGC	35	40	42	26	47	99	63	71	50	83	68	37	12	58	64	31
gi|399|emb|V00111.1|	785	CAGAG	CTCTG	32	42	51	26	57	89	32	77	49	71	57	31	12	53	69	36
gi|401|emb|X03404.1|	1599	CCAGC	GCTGG	152	88	121	94	122	117	76	100	127	132	83	58	54	79	120	75
gi|29135328|ref|NM_177516.1|	809	CAACT	AGTTG	52	46	53	20	59	99	42	74	46	79	73	23	15	49	53	25
gi|31343525|ref|NM_175778.2|	3261	GAGAA	TTCTC	240	159	252	193	246	233	91	219	235	201	221	157	123	196	250	244
gi|409|emb|X52318.1|	905	GATTC	GAATC	90	48	60	59	55	37	20	62	54	41	49	59	57	48	74	91
gi|418|emb|X00502.1|	1167	TCGCC	GGCGA	28	52	71	21	64	194	113	92	64	150	116	29	15	67	60	30
gi|422|emb|X00503.1|	2427	AGATC	GATCT	91	100	210	49	171	299	139	180	155	259	302	84	33	132	148	74
gi|427|emb|X53827.1|	2045	TCAGA	TCTGA	181	116	151	130	158	121	44	140	169	113	125	96	70	112	184	134
gi|431|emb|X68443.1|	3229	GAGGA	TCCTC	336	156	246	213	210	136	82	214	233	150	171	197	171	200	252	261
gi|437|emb|X16701.1|	1829	AGTCT	AGACT	65	128	150	29	174	258	75	128	105	139	172	111	27	111	130	26
gi|441|emb|X16702.1|	1979	CCCGA	TCGGG	67	120	160	41	171	249	85	144	121	158	207	117	29	121	152	36
gi|31341226|ref|NM_174827.2|	549	GACGA	TCGTC	32	25	49	20	34	43	17	46	47	39	48	33	12	33	54	16
gi|466|emb|Z11749.1|	1251	GAGAG	CTCTC	105	69	117	69	101	101	15	90	93	60	84	60	60	77	81	68
gi|469|emb|X04152.1|	1663	ACCAA	TTGGT	59	61	136	50	89	150	94	115	110	144	263	87	48	92	112	52
gi|471|emb|X04198.1|	2077	CCAAG	CTTGG	80	89	173	83	140	185	52	186	161	163	219	87	44	126	186	102
gi|477|emb|X05048.1|	361	GGGGT	ACCCC	21	17	27	24	30	30	3	36	19	19	16	11	19	33	20	35
gi|482|emb|X05131.1|	247	GCAGC	GCTGC	13	15	14	14	19	21	2	28	10	12	8	9	14	21	15	31
gi|483|emb|X05127.1|	233	GCCAG	CTGGC	17	10	15	10	17	28	9	17	10	17	10	11	8	15	15	23
gi|484|emb|X01460.1|	1101	CGGCG	CGCCG	115	63	84	61	71	59	52	74	86	69	78	47	51	65	65	60
gi|485|emb|X01461.1|	445	TGGAT	ATCCA	18	22	41	15	39	54	20	37	30	38	21	20	9	36	27	17
gi|487|emb|V00426.1|	1529	GGTGA	TCACC	145	97	126	86	122	102	25	103	117	70	76	87	69	83	123	97
gi|497|emb|X06366.1|	3089	TAACA	TGTTA	219	158	192	199	182	191	23	297	182	104	174	170	184	240	241	332
gi|505|emb|X57084.1|	2405	GTGCC	GGCAC	215	117	175	82	146	199	94	185	181	176	196	132	48	131	220	107
gi|28461188|ref|NM_175782.1|	505	GGGCC	GGCCC	33	28	32	19	43	51	18	41	28	39	43	27	7	35	44	16
gi|519|emb|X14712.1|	789	AAAGT	ACTTT	41	37	61	29	55	112	27	66	63	67	67	28	8	44	70	13
gi|526|emb|X51933.1|	671	TGGAC	GTCCA	44	48	44	32	65	38	19	50	44	35	48	38	15	52	54	44
gi|528|emb|X07363.1|	499	CTATG	CATAG	49	27	32	34	32	34	16	41	37	32	20	19	23	31	40	31
gi|532|emb|X67825.1|	295	CTGGA	TCCAG	13	12	20	19	20	21	3	24	19	11	24	21	12	24	29	22
gi|533|emb|X67824.1|	247	TGTCT	AGACA	9	10	15	11	16	20	4	23	12	9	11	28	8	24	30	16
gi|534|emb|X67823.1|	549	CTTGC	GCAAG	39	56	32	54	64	15	4	35	29	17	9	25	49	31	34	55
gi|535|emb|X67822.1|	271	CAGAG	CTCTG	26	15	25	17	17	9	2	18	27	12	10	24	12	10	37	9
gi|536|emb|X68049.1|	149	GTGTG	CACAC	7	4	8	10	10	5	2	11	8	7	3	22	4	12	26	9
gi|537|emb|X67826.1|	291	CATAT	ATATG	23	8	18	42	21	12	1	7	14	7	4	29	33	13	31	27
gi|538|emb|X67828.1|	407	GCAGA	TCTGC	19	24	28	19	29	27	8	33	25	14	30	36	17	32	40	25
gi|539|emb|X60511.1|	309	TGGTC	GACCA	3	4	11	6	10	30	6	42	8	19	24	37	3	35	47	23
gi|540|emb|X67827.1|	313	GATTC	GAATC	46	14	30	24	15	5	4	12	27	5	13	26	26	11	25	29
gi|541|emb|X67830.1|	361	ACACA	TGTGT	46	42	34	23	45	14	3	14	29	9	18	16	25	11	17	14
gi|542|emb|X65202.1|	499	GGTTT	AAACC	38	37	46	24	49	29	5	28	38	24	32	26	21	21	37	37
gi|543|emb|X65203.1|	375	TTGGA	TCCAA	42	31	28	30	41	20	5	15	23	19	25	19	25	10	28	13
gi|544|emb|X65204.1|	607	ACAGG	CCTGT	57	54	45	41	64	29	8	36	37	18	34	33	38	36	36	37
gi|545|emb|X65205.1|	359	CCCCT	AGGGG	21	31	31	14	35	18	7	25	31	18	36	19	10	18	29	15
gi|546|emb|X65206.1|	497	TGTGT	ACACA	34	23	38	29	30	20	3	27	34	16	38	46	26	22	54	48
gi|547|emb|X65207.1|	501	TAGAT	ATCTA	47	40	45	28	52	24	6	25	41	24	30	21	19	21	35	37
gi|548|emb|X65208.1|	467	CACAT	ATGTG	35	61	21	27	64	26	3	36	22	13	26	15	21	30	26	32
gi|549|emb|X65209.1|	531	CCNAT	ATNGG	42	29	25	47	41	25	1	31	26	18	19	41	30	26	61	58
gi|550|emb|X65210.1|	515	AATTC	GAATT	27	13	32	60	24	29	2	30	29	19	28	47	50	25	62	33
gi|551|emb|X65211.1|	507	TGTGT	ACACA	43	32	40	57	45	16	1	27	42	14	20	27	41	28	42	27
gi|552|emb|X65212.1|	391	ATCTG	CAGAT	27	16	31	29	36	25	8	21	22	21	30	26	17	27	31	21
gi|553|emb|X65213.1|	429	GGTTG	CAACC	23	16	30	29	31	30	3	43	21	25	21	14	19	35	28	39
gi|554|emb|X65214.1|	481	GTAGT	ACTAC	10	14	32	19	30	29	8	33	25	29	36	71	10	29	85	20
gi|555|emb|X65215.1|	623	AGAAT	ATTCT	48	43	44	41	50	29	9	49	47	34	40	25	30	31	54	48
gi|556|emb|X65216.1|	309	TAAGG	CCTTA	25	14	23	25	20	9	0	10	16	6	16	30	24	10	33	35
gi|557|emb|X65217.1|	489	GTGCT	AGCAC	31	32	37	25	49	34	4	38	28	28	42	24	17	31	40	22
gi|558|emb|X67832.1|	267	GTTTT	AAAAC	12	32	21	12	34	11	2	20	12	12	12	15	18	13	16	24
gi|559|emb|X64897.1|	497	CCTAA	TTAGG	58	25	32	32	33	29	12	36	34	22	27	26	23	34	37	36
gi|563|emb|X66277.1|	2615	GCATA	TATGC	277	155	163	215	193	118	23	172	162	93	118	125	179	140	193	288
gi|565|emb|Z14036.1|	373	AGCTA	TAGCT	38	29	27	34	36	15	2	19	26	18	10	18	28	11	32	29
gi|566|emb|Z14037.1|	433	TCCAC	GTGGA	35	29	20	36	37	23	3	30	16	16	16	38	32	25	46	30
gi|567|emb|Z14038.1|	307	CACAG	CTGTG	17	27	24	20	34	18	0	20	20	11	25	16	17	16	22	19
gi|568|emb|Z14039.1|	287	CACAC	GTGTG	26	38	23	14	41	12	9	10	25	12	17	13	9	9	18	10
gi|569|emb|Z14040.1|	189	CCGGA	TCCGG	3	22	17	2	29	16	2	13	10	16	27	6	2	7	12	4
gi|570|emb|Z14041.1|	211	ACACA	TGTGT	9	18	26	16	24	5	3	10	20	9	13	9	15	10	10	13
gi|571|emb|Z14042.1|	247	AAGAG	CTCTT	14	27	14	15	33	4	3	12	11	15	19	13	12	7	21	26
gi|572|emb|Z14043.1|	189	TTCTC	GAGAA	7	25	6	14	33	13	1	15	3	10	2	10	10	14	15	10
gi|573|emb|X67829.1|	287	ATGTG	CACAT	16	45	18	11	36	16	11	22	21	1	9	18	16	23	11	12
gi|574|emb|X67831.1|	447	ACCCC	GGGGT	52	46	29	54	50	12	5	15	29	8	20	21	49	16	24	16
gi|589|emb|V00113.1|	609	CCAGT	ACTGG	20	28	38	6	33	83	62	48	33	94	58	19	6	21	46	13
gi|595|emb|X15600.1|	669	TTTAC	GTAAA	47	32	46	24	53	43	10	70	31	53	53	37	19	47	65	38
gi|599|emb|X52907.1|	193	TTTTT	AAAAA	44	8	7	14	11	7	1	8	7	5	5	10	12	7	14	32
gi|31341315|ref|NM_176647.2|	2483	CGAAT	ATTCG	281	157	201	161	214	117	36	147	177	110	119	133	129	130	182	188
gi|610|emb|X54962.1|	1545	TGCTT	AAGCA	116	85	112	109	119	108	46	87	113	85	92	86	75	82	125	104
gi|31341417|ref|NM_174657.2|	1331	GGGAT	ATCCC	90	61	95	76	84	79	34	106	85	89	85	83	63	74	128	98
gi|622|emb|X00002.1|	581	TAAGA	TCTTA	79	27	40	53	38	12	1	36	45	17	35	31	36	32	52	46
gi|623|emb|X00003.1|	213	AAATA	TATTT	15	7	11	16	14	11	0	17	7	12	8	15	13	12	23	31
gi|625|emb|X00004.1|	1403	ATATC	GATAT	124	67	103	103	108	68	6	108	79	69	66	65	86	85	104	161
gi|640|emb|X03098.1|	929	TCCCT	AGGGA	63	49	52	44	65	69	14	95	47	53	48	58	32	73	91	71
gi|642|emb|X63436.1|	3431	TGAAT	ATTCA	360	193	250	251	255	150	50	211	225	144	162	184	214	180	252	349
gi|31342776|ref|NM_174133.2|	1143	GGCAA	TTGCC	71	59	97	65	98	104	38	68	99	66	75	52	24	78	83	65
gi|31343272|ref|NM_173915.2|	447	GAGGC	GCCTC	24	24	40	17	48	52	17	29	29	46	42	11	4	23	30	10
gi|654|emb|X01395.1|	495	TAAAT	ATTTA	29	19	42	23	24	32	49	25	43	52	39	24	17	28	27	21
gi|655|emb|X02351.1|	241	AGAAA	TTTCT	17	11	12	13	16	24	10	20	16	10	10	10	4	25	14	28
gi|657|emb|X01396.1|	197	GGAGA	TCTCC	9	7	13	10	13	19	8	17	15	13	15	10	2	17	17	11
gi|660|emb|X01397.1|	145	GTGGC	GCCAC	15	6	5	14	11	6	1	8	4	4	5	13	9	10	16	17
gi|662|emb|X01398.1|	123	AGCTT	AAGCT	17	4	4	15	9	3	0	9	2	4	2	3	13	9	5	23
gi|663|emb|X01399.1|	153	GACTA	TAGTC	21	9	6	19	9	7	0	11	6	3	7	5	18	8	8	15
gi|666|emb|X01400.1|	211	ACCTA	TAGGT	21	9	15	19	10	5	1	13	16	4	7	16	17	10	20	27
gi|668|emb|X01401.1|	327	TAATG	CATTA	40	14	15	32	18	9	2	19	13	8	10	21	30	17	25	53
gi|671|emb|X07283.1|	2705	TTACC	GGTAA	164	135	224	137	205	197	28	222	186	144	222	144	105	177	222	192
gi|673|emb|X16641.1|	2209	TCTAT	ATAGA	260	107	170	196	157	81	16	137	157	74	101	100	160	129	144	219
gi|677|emb|X16559.1|	593	CGCGC	GCGCG	30	32	67	17	52	79	35	29	53	53	58	17	11	31	21	7
gi|685|emb|X12516.1|	295	CCAGG	CCTGG	22	16	20	25	20	20	1	23	19	5	17	12	22	23	15	34
gi|691|emb|X17364.1|	963	AATAC	GTATT	26	52	86	24	81	120	23	79	66	68	98	59	15	62	85	18
gi|692|emb|X17365.1|	723	CGCCA	TGGCG	30	27	64	18	45	70	18	57	52	52	91	47	12	41	70	28
